100
0 1 4
0 50 8
0 51 6
1 2 4
1 50 7
2 3 3
2 50 2
2 51 3
2 52 8
2 53 1
2 54 10
3 4 4
3 50 1
3 51 7
4 5 3
4 50 2
4 51 9
5 6 8
5 50 3
5 51 1
5 52 3
5 53 4
5 54 8
6 7 6
6 50 3
6 51 3
6 52 9
6 53 10
6 54 8
7 8 4
7 50 2
7 51 3
8 9 10
8 50 2
8 51 10
8 52 5
8 53 8
9 10 9
9 50 6
9 51 1
9 52 4
9 53 7
9 54 2
10 11 1
11 12 1
12 13 6
13 14 4
14 15 6
15 16 8
16 17 4
17 18 3
18 19 9
19 20 6
20 21 9
21 22 8
22 23 1
23 24 10
24 25 8
25 26 10
26 27 4
27 28 4
28 29 4
29 30 10
30 31 6
31 32 6
32 33 4
33 34 5
34 35 8
35 36 7
36 37 6
37 38 6
38 39 4
39 40 7
40 41 1
41 42 8
42 43 1
43 44 5
44 45 10
45 46 8
46 47 2
47 48 7
48 49 6
49 50 9
50 51 7
51 52 3
52 53 1
53 54 10
54 55 2
55 56 5
56 57 10
57 58 10
58 59 7
59 60 1
60 61 7
61 62 10
62 63 2
63 64 10
64 65 2
65 66 6
66 67 1
67 68 5
68 69 6
69 70 10
70 71 9
71 72 10
72 73 3
73 74 5
74 75 1
75 76 6
76 77 4
77 78 10
78 79 3
79 80 9
80 81 4
81 82 8
82 83 1
83 84 10
84 85 4
85 86 6
86 87 8
87 88 5
88 89 3
89 90 9
90 91 10
91 92 10
92 93 10
93 94 8
94 95 2
95 96 4
96 97 10
97 98 3
98 99 4
99 100 1
