50
0 1 4
0 25 8
0 26 6
1 2 4
1 25 7
2 3 3
2 25 2
2 26 3
2 27 8
2 28 1
2 29 10
3 4 4
3 25 1
3 26 7
4 5 3
4 25 2
4 26 9
5 6 8
5 25 3
5 26 1
5 27 3
5 28 4
5 29 8
6 7 6
6 25 3
6 26 3
6 27 9
6 28 10
6 29 8
7 8 4
7 25 2
7 26 3
8 9 10
8 25 2
8 26 10
8 27 5
8 28 8
9 10 9
9 25 6
9 26 1
9 27 4
9 28 7
9 29 2
10 11 1
11 12 1
12 13 6
13 14 4
14 15 6
15 16 8
16 17 4
17 18 3
18 19 9
19 20 6
20 21 9
21 22 8
22 23 1
23 24 10
24 25 8
25 26 10
26 27 4
27 28 4
28 29 4
29 30 10
30 31 6
31 32 6
32 33 4
33 34 5
34 35 8
35 36 7
36 37 6
37 38 6
38 39 4
39 40 7
40 41 1
41 42 8
42 43 1
43 44 5
44 45 10
45 46 8
46 47 2
47 48 7
48 49 6
49 50 9
